mpiexec -n 2 Debug/tsp-solver 10000 0.1 10000 100 1 200

*** Best Individual
	 --> generat = [3738]
	 --> fitness = [26010]
	 --> chromos = [4][26][42][48][46][50][51][9][34][2]
			[38][30][6][37][41][15][10][20][35][16]
			[25][18][5][27][32][13][36][14][33][45]
			[55][44][28][47][40][1][53][54][7][21]
			[3][49][52][19][31][8][24][39][12][29]
			[0][17][43][57][23][56][11][22]
------------------------------------------------------------------

* Best Know Fitness (according to TSPLIB): 25395

